#id aa  ALA   VAL   PRO   ILE   LEU   MET   GLU   ASP   ARG   LYS   THR   SER   HIS   CYS   GLN   ASN   PHE   TYR   TRP   GLY   UNK   GAP   GPE 
   1 - 0.000 0.000 0.000 0.000 0.000 0.023 0.000 0.000 0.000 0.000 0.000 0.000 0.000 0.000 0.000 0.000 0.000 0.000 0.000 0.000 0.000 0.977 0.000
   2 - 0.000 0.000 0.000 0.000 0.000 0.038 0.000 0.000 0.000 0.000 0.000 0.000 0.000 0.000 0.023 0.000 0.000 0.000 0.000 0.000 0.000 0.000 0.938
   3 - 0.000 0.000 0.014 0.000 0.000 0.000 0.000 0.000 0.024 0.000 0.000 0.000 0.000 0.000 0.000 0.023 0.000 0.000 0.000 0.000 0.000 0.000 0.938
   4 - 0.000 0.000 0.000 0.000 0.000 0.000 0.000 0.000 0.000 0.000 0.023 0.000 0.000 0.014 0.000 0.000 0.000 0.000 0.024 0.000 0.000 0.000 0.938
   5 - 0.000 0.000 0.000 0.048 0.000 0.021 0.000 0.000 0.000 0.000 0.000 0.000 0.000 0.000 0.000 0.000 0.014 0.000 0.000 0.000 0.000 0.000 0.917
   6 - 0.000 0.021 0.000 0.000 0.014 0.000 0.000 0.000 0.024 0.023 0.000 0.000 0.000 0.000 0.000 0.000 0.000 0.000 0.000 0.000 0.000 0.000 0.917
   7 - 0.021 0.000 0.014 0.000 0.000 0.000 0.000 0.023 0.000 0.000 0.024 0.000 0.000 0.000 0.000 0.000 0.000 0.000 0.000 0.000 0.000 0.000 0.917
   8 - 0.014 0.000 0.000 0.000 0.000 0.000 0.000 0.000 0.000 0.000 0.000 0.000 0.000 0.000 0.000 0.000 0.000 0.000 0.000 0.069 0.000 0.000 0.917
   9 - 0.000 0.000 0.000 0.000 0.062 0.000 0.000 0.000 0.000 0.000 0.000 0.000 0.000 0.000 0.000 0.000 0.000 0.000 0.000 0.000 0.000 0.021 0.917
  10 - 0.000 0.000 0.000 0.000 0.037 0.006 0.000 0.000 0.000 0.024 0.000 0.000 0.000 0.000 0.000 0.000 0.000 0.000 0.000 0.000 0.000 0.000 0.933
  11 - 0.000 0.023 0.000 0.000 0.000 0.000 0.000 0.000 0.024 0.000 0.000 0.000 0.000 0.000 0.000 0.000 0.000 0.000 0.000 0.000 0.000 0.020 0.933
  12 - 0.000 0.000 0.000 0.000 0.024 0.000 0.000 0.000 0.023 0.000 0.000 0.000 0.000 0.000 0.000 0.000 0.000 0.000 0.000 0.000 0.000 0.000 0.952
  13 - 0.000 0.023 0.000 0.000 0.000 0.000 0.000 0.000 0.021 0.000 0.024 0.000 0.000 0.000 0.000 0.000 0.000 0.000 0.000 0.000 0.000 0.000 0.931
  14 - 0.000 0.000 0.000 0.000 0.000 0.000 0.000 0.000 0.044 0.000 0.000 0.000 0.000 0.000 0.000 0.024 0.000 0.000 0.000 0.000 0.000 0.000 0.931
  15 - 0.000 0.000 0.000 0.000 0.024 0.000 0.000 0.000 0.000 0.000 0.023 0.000 0.000 0.000 0.000 0.000 0.021 0.000 0.000 0.000 0.000 0.000 0.931
  16 - 0.045 0.000 0.006 0.000 0.000 0.000 0.000 0.000 0.000 0.000 0.014 0.000 0.000 0.000 0.000 0.000 0.000 0.000 0.000 0.000 0.000 0.023 0.912
  17 - 0.000 0.000 0.000 0.000 0.000 0.000 0.000 0.024 0.014 0.000 0.000 0.000 0.006 0.000 0.000 0.000 0.000 0.000 0.000 0.021 0.000 0.000 0.935
  18 - 0.000 0.000 0.000 0.044 0.000 0.000 0.000 0.000 0.000 0.000 0.000 0.000 0.000 0.000 0.000 0.000 0.000 0.021 0.000 0.000 0.000 0.000 0.935
  19 - 0.000 0.000 0.000 0.000 0.000 0.000 0.021 0.000 0.000 0.024 0.000 0.023 0.000 0.000 0.000 0.000 0.020 0.000 0.000 0.000 0.000 0.000 0.912
  20 - 0.024 0.000 0.006 0.000 0.000 0.000 0.000 0.000 0.023 0.000 0.000 0.014 0.000 0.000 0.000 0.000 0.000 0.000 0.021 0.000 0.000 0.000 0.912
  21 - 0.000 0.000 0.000 0.000 0.023 0.000 0.000 0.000 0.040 0.000 0.000 0.000 0.000 0.000 0.000 0.000 0.024 0.000 0.000 0.000 0.000 0.000 0.912
  22 - 0.000 0.000 0.064 0.000 0.000 0.000 0.024 0.000 0.000 0.000 0.000 0.000 0.000 0.000 0.000 0.000 0.000 0.000 0.000 0.000 0.000 0.000 0.912
  23 - 0.021 0.000 0.000 0.023 0.000 0.000 0.000 0.000 0.000 0.000 0.000 0.038 0.000 0.000 0.000 0.000 0.000 0.000 0.000 0.006 0.000 0.000 0.912
  24 - 0.000 0.000 0.021 0.000 0.024 0.000 0.000 0.000 0.000 0.020 0.000 0.000 0.000 0.000 0.000 0.000 0.000 0.000 0.000 0.023 0.000 0.000 0.912
  25 - 0.048 0.000 0.000 0.000 0.000 0.000 0.000 0.000 0.000 0.000 0.000 0.000 0.021 0.000 0.000 0.000 0.000 0.000 0.000 0.000 0.000 0.020 0.912
  26 - 0.000 0.000 0.000 0.023 0.000 0.000 0.000 0.021 0.000 0.000 0.000 0.024 0.000 0.000 0.000 0.000 0.000 0.000 0.000 0.000 0.000 0.000 0.931
  27 - 0.000 0.000 0.000 0.000 0.000 0.000 0.000 0.000 0.000 0.048 0.021 0.000 0.000 0.000 0.000 0.000 0.000 0.000 0.000 0.000 0.000 0.000 0.931
  28 - 0.021 0.000 0.024 0.000 0.000 0.011 0.000 0.000 0.000 0.000 0.000 0.000 0.000 0.000 0.000 0.023 0.000 0.000 0.000 0.000 0.000 0.000 0.921
  29 - 0.000 0.000 0.000 0.000 0.000 0.000 0.000 0.000 0.000 0.000 0.000 0.000 0.021 0.000 0.000 0.000 0.000 0.000 0.000 0.000 0.000 0.058 0.921
  30 - 0.024 0.000 0.000 0.000 0.000 0.000 0.000 0.000 0.006 0.000 0.000 0.021 0.000 0.028 0.000 0.000 0.000 0.000 0.000 0.000 0.000 0.000 0.921
  31 - 0.000 0.000 0.000 0.000 0.000 0.000 0.000 0.000 0.000 0.000 0.023 0.005 0.006 0.000 0.024 0.000 0.000 0.000 0.000 0.021 0.000 0.000 0.921
  32 - 0.023 0.000 0.000 0.006 0.000 0.000 0.000 0.000 0.000 0.000 0.000 0.021 0.000 0.000 0.000 0.000 0.000 0.000 0.000 0.024 0.000 0.005 0.921
  33 - 0.000 0.000 0.000 0.023 0.000 0.006 0.000 0.000 0.045 0.000 0.006 0.020 0.000 0.000 0.000 0.000 0.000 0.000 0.000 0.000 0.000 0.000 0.899
  34 - 0.020 0.000 0.000 0.021 0.000 0.000 0.000 0.000 0.000 0.006 0.048 0.000 0.006 0.000 0.000 0.000 0.000 0.000 0.000 0.000 0.000 0.000 0.899
  35 - 0.021 0.000 0.029 0.000 0.000 0.010 0.000 0.000 0.000 0.020 0.000 0.000 0.000 0.000 0.024 0.000 0.006 0.000 0.000 0.000 0.000 0.000 0.890
  36 - 0.000 0.000 0.055 0.000 0.000 0.131 0.000 0.000 0.000 0.000 0.031 0.000 0.000 0.000 0.000 0.000 0.000 0.000 0.000 0.024 0.000 0.000 0.759
  37 - 0.017 0.000 0.005 0.002 0.031 0.021 0.000 0.008 0.020 0.000 0.107 0.019 0.000 0.000 0.000 0.004 0.000 0.000 0.000 0.032 0.000 0.000 0.734
  38 - 0.049 0.000 0.046 0.013 0.000 0.068 0.000 0.012 0.000 0.000 0.012 0.005 0.000 0.000 0.000 0.000 0.000 0.000 0.000 0.020 0.000 0.071 0.706
  39 - 0.000 0.000 0.008 0.019 0.040 0.157 0.007 0.004 0.013 0.029 0.070 0.030 0.021 0.017 0.000 0.011 0.000 0.000 0.000 0.000 0.000 0.000 0.573
  40 - 0.074 0.031 0.024 0.030 0.032 0.076 0.000 0.002 0.000 0.000 0.049 0.089 0.000 0.000 0.000 0.000 0.002 0.000 0.000 0.000 0.000 0.036 0.556
  41 - 0.026 0.000 0.018 0.130 0.016 0.048 0.000 0.006 0.028 0.017 0.070 0.004 0.007 0.000 0.027 0.017 0.000 0.000 0.000 0.000 0.000 0.000 0.587
  42 - 0.031 0.019 0.243 0.008 0.048 0.007 0.000 0.000 0.007 0.003 0.007 0.014 0.023 0.000 0.000 0.000 0.025 0.017 0.000 0.000 0.000 0.000 0.548
  43 - 0.050 0.000 0.198 0.000 0.045 0.010 0.006 0.022 0.029 0.007 0.012 0.075 0.000 0.000 0.007 0.000 0.000 0.000 0.000 0.002 0.000 0.000 0.538
  44 - 0.026 0.004 0.027 0.000 0.000 0.007 0.000 0.024 0.007 0.040 0.014 0.009 0.000 0.004 0.005 0.000 0.143 0.122 0.000 0.037 0.000 0.000 0.531
  45 - 0.010 0.044 0.029 0.059 0.274 0.009 0.000 0.000 0.006 0.000 0.000 0.006 0.000 0.000 0.000 0.000 0.027 0.000 0.000 0.007 0.000 0.000 0.528
  46 - 0.091 0.012 0.002 0.003 0.000 0.027 0.007 0.023 0.059 0.034 0.061 0.139 0.034 0.000 0.006 0.000 0.000 0.000 0.000 0.000 0.000 0.000 0.501
  47 - 0.005 0.004 0.000 0.203 0.045 0.017 0.000 0.006 0.000 0.009 0.018 0.015 0.005 0.000 0.028 0.032 0.126 0.004 0.000 0.000 0.000 0.000 0.485
  48 - 0.046 0.013 0.000 0.005 0.006 0.015 0.000 0.338 0.000 0.022 0.044 0.005 0.000 0.000 0.000 0.014 0.000 0.003 0.000 0.020 0.000 0.000 0.470
  49 - 0.047 0.000 0.277 0.006 0.027 0.040 0.015 0.015 0.056 0.000 0.002 0.008 0.012 0.005 0.000 0.000 0.023 0.000 0.000 0.036 0.000 0.000 0.431
  50 M 0.258 0.026 0.054 0.000 0.024 0.069 0.000 0.031 0.026 0.008 0.011 0.055 0.010 0.000 0.014 0.026 0.012 0.006 0.000 0.009 0.000 0.000 0.362
  51 T 0.063 0.002 0.000 0.011 0.096 0.396 0.000 0.000 0.029 0.006 0.241 0.025 0.012 0.000 0.004 0.036 0.000 0.000 0.000 0.022 0.000 0.000 0.058
  52 T 0.004 0.000 0.117 0.025 0.055 0.007 0.000 0.000 0.347 0.148 0.090 0.004 0.023 0.000 0.117 0.004 0.005 0.000 0.000 0.000 0.000 0.000 0.055
  53 S 0.008 0.000 0.000 0.003 0.026 0.012 0.051 0.012 0.275 0.020 0.183 0.151 0.187 0.000 0.019 0.008 0.000 0.004 0.000 0.000 0.000 0.000 0.042
  54 P 0.013 0.318 0.060 0.022 0.427 0.011 0.000 0.000 0.018 0.000 0.000 0.000 0.014 0.008 0.000 0.000 0.033 0.021 0.024 0.000 0.000 0.000 0.031
  55 A 0.087 0.000 0.012 0.016 0.000 0.000 0.000 0.011 0.134 0.000 0.124 0.380 0.073 0.008 0.061 0.020 0.008 0.005 0.004 0.025 0.000 0.000 0.031
  56 I 0.022 0.000 0.000 0.103 0.454 0.006 0.000 0.000 0.000 0.000 0.000 0.000 0.008 0.007 0.353 0.000 0.023 0.000 0.000 0.000 0.000 0.000 0.025
  57 D 0.040 0.000 0.079 0.000 0.024 0.000 0.000 0.464 0.000 0.000 0.000 0.282 0.000 0.000 0.006 0.079 0.000 0.000 0.000 0.000 0.000 0.000 0.025
  58 L 0.121 0.056 0.558 0.029 0.142 0.007 0.000 0.000 0.000 0.000 0.004 0.022 0.000 0.002 0.000 0.000 0.000 0.000 0.000 0.041 0.000 0.000 0.018
  59 A 0.084 0.000 0.000 0.000 0.081 0.000 0.007 0.000 0.205 0.027 0.276 0.025 0.182 0.000 0.012 0.063 0.000 0.000 0.000 0.020 0.000 0.000 0.018
  60 S 0.004 0.000 0.000 0.000 0.000 0.000 0.126 0.594 0.000 0.002 0.000 0.062 0.004 0.000 0.033 0.152 0.000 0.000 0.000 0.004 0.000 0.000 0.018
  61 T 0.024 0.000 0.824 0.000 0.000 0.000 0.000 0.014 0.033 0.000 0.064 0.014 0.002 0.000 0.002 0.000 0.004 0.000 0.000 0.000 0.000 0.000 0.018
  62 D 0.533 0.014 0.000 0.000 0.002 0.000 0.072 0.215 0.045 0.000 0.017 0.038 0.000 0.000 0.007 0.000 0.000 0.000 0.000 0.038 0.000 0.000 0.018
  63 Y 0.000 0.000 0.000 0.000 0.004 0.000 0.000 0.000 0.000 0.000 0.000 0.000 0.000 0.000 0.000 0.000 0.918 0.060 0.000 0.000 0.000 0.000 0.018
  64 K 0.000 0.501 0.000 0.063 0.022 0.000 0.000 0.000 0.000 0.060 0.000 0.000 0.002 0.000 0.000 0.004 0.153 0.177 0.000 0.000 0.000 0.000 0.018
  65 L 0.019 0.000 0.000 0.000 0.095 0.000 0.011 0.000 0.166 0.000 0.000 0.050 0.000 0.000 0.509 0.024 0.000 0.038 0.000 0.069 0.000 0.000 0.018
  66 N 0.010 0.000 0.000 0.000 0.000 0.000 0.000 0.451 0.000 0.000 0.000 0.014 0.000 0.000 0.000 0.506 0.000 0.000 0.000 0.000 0.000 0.000 0.018
  67 P 0.000 0.000 0.978 0.000 0.000 0.000 0.000 0.000 0.000 0.000 0.000 0.004 0.000 0.000 0.000 0.000 0.000 0.000 0.000 0.000 0.000 0.000 0.018
  68 W 0.000 0.000 0.000 0.000 0.044 0.000 0.000 0.000 0.000 0.000 0.000 0.000 0.000 0.006 0.000 0.154 0.000 0.718 0.060 0.000 0.000 0.000 0.018
  69 P 0.181 0.001 0.557 0.000 0.003 0.000 0.058 0.058 0.071 0.002 0.014 0.015 0.000 0.003 0.000 0.000 0.000 0.000 0.000 0.019 0.000 0.000 0.018
  70 V 0.268 0.216 0.000 0.000 0.059 0.000 0.000 0.000 0.026 0.000 0.045 0.004 0.000 0.000 0.012 0.000 0.339 0.000 0.012 0.001 0.000 0.000 0.018
  71 Y 0.000 0.000 0.000 0.000 0.133 0.000 0.000 0.000 0.000 0.000 0.000 0.000 0.000 0.000 0.000 0.000 0.008 0.841 0.000 0.000 0.000 0.000 0.018
  72 E 0.596 0.000 0.000 0.000 0.000 0.000 0.096 0.196 0.022 0.000 0.026 0.000 0.015 0.000 0.010 0.000 0.000 0.000 0.000 0.022 0.000 0.000 0.018
  73 R 0.255 0.033 0.000 0.000 0.013 0.004 0.136 0.003 0.278 0.037 0.050 0.009 0.036 0.000 0.020 0.000 0.076 0.002 0.024 0.005 0.000 0.000 0.018
  74 L 0.284 0.062 0.000 0.049 0.538 0.022 0.000 0.000 0.006 0.000 0.000 0.000 0.000 0.009 0.000 0.000 0.000 0.000 0.012 0.000 0.000 0.000 0.018
  75 R 0.000 0.000 0.000 0.000 0.016 0.000 0.000 0.000 0.567 0.000 0.000 0.000 0.355 0.000 0.014 0.000 0.027 0.003 0.000 0.000 0.000 0.000 0.018
  76 - 0.000 0.000 0.000 0.000 0.000 0.000 0.017 0.000 0.000 0.000 0.000 0.000 0.000 0.000 0.000 0.000 0.000 0.000 0.000 0.000 0.000 0.965 0.018
  77 R 0.485 0.019 0.004 0.000 0.007 0.000 0.126 0.013 0.070 0.008 0.034 0.023 0.006 0.002 0.078 0.005 0.000 0.000 0.000 0.100 0.000 0.000 0.018
  78 E 0.252 0.029 0.000 0.000 0.046 0.019 0.132 0.017 0.018 0.009 0.052 0.037 0.125 0.000 0.116 0.035 0.012 0.004 0.000 0.079 0.000 0.000 0.018
  79 T 0.000 0.000 0.000 0.000 0.029 0.000 0.000 0.000 0.000 0.008 0.129 0.007 0.000 0.000 0.007 0.000 0.000 0.000 0.000 0.023 0.000 0.778 0.018
  80 P 0.007 0.000 0.185 0.000 0.000 0.000 0.000 0.011 0.000 0.000 0.000 0.000 0.000 0.000 0.000 0.000 0.000 0.000 0.000 0.000 0.000 0.000 0.796
  81 V 0.071 0.122 0.000 0.000 0.000 0.000 0.000 0.000 0.000 0.000 0.000 0.000 0.000 0.000 0.000 0.000 0.000 0.000 0.011 0.000 0.000 0.000 0.796
  82 L 0.000 0.000 0.000 0.000 0.060 0.000 0.000 0.000 0.000 0.000 0.000 0.000 0.000 0.000 0.000 0.000 0.133 0.000 0.000 0.011 0.000 0.000 0.796
  83 H 0.012 0.000 0.000 0.000 0.009 0.000 0.000 0.000 0.015 0.000 0.011 0.006 0.073 0.000 0.000 0.000 0.034 0.043 0.000 0.000 0.000 0.000 0.796
  84 M 0.053 0.000 0.000 0.000 0.000 0.060 0.011 0.127 0.000 0.000 0.014 0.121 0.022 0.198 0.000 0.000 0.000 0.000 0.000 0.375 0.000 0.000 0.018
  85 P 0.004 0.000 0.594 0.000 0.000 0.000 0.021 0.142 0.035 0.011 0.012 0.021 0.016 0.000 0.014 0.083 0.000 0.000 0.000 0.029 0.000 0.000 0.018
  86 A 0.245 0.181 0.012 0.023 0.187 0.007 0.000 0.015 0.000 0.009 0.182 0.009 0.000 0.000 0.000 0.013 0.091 0.000 0.000 0.007 0.000 0.000 0.018
  87 G 0.038 0.099 0.000 0.032 0.071 0.035 0.000 0.000 0.011 0.000 0.005 0.000 0.037 0.005 0.024 0.004 0.494 0.000 0.059 0.075 0.000 0.000 0.012
  88 S 0.000 0.006 0.000 0.009 0.006 0.005 0.008 0.004 0.031 0.000 0.000 0.060 0.090 0.000 0.000 0.000 0.299 0.243 0.088 0.000 0.000 0.139 0.012
  89 W 0.000 0.000 0.000 0.000 0.000 0.000 0.000 0.000 0.000 0.000 0.000 0.000 0.000 0.000 0.000 0.000 0.000 0.000 0.849 0.000 0.000 0.000 0.151
  90 D 0.019 0.002 0.037 0.000 0.005 0.000 0.442 0.113 0.010 0.006 0.035 0.055 0.005 0.000 0.108 0.003 0.000 0.000 0.000 0.008 0.000 0.000 0.151
  91 G 0.033 0.000 0.000 0.000 0.000 0.000 0.406 0.287 0.000 0.000 0.000 0.000 0.000 0.000 0.027 0.035 0.000 0.000 0.000 0.060 0.000 0.000 0.151
  92 E 0.000 0.000 0.034 0.000 0.036 0.000 0.060 0.000 0.009 0.000 0.000 0.000 0.000 0.000 0.163 0.000 0.096 0.451 0.000 0.000 0.000 0.000 0.151
  93 D 0.050 0.000 0.000 0.000 0.000 0.000 0.014 0.106 0.044 0.132 0.000 0.000 0.000 0.000 0.050 0.126 0.000 0.000 0.000 0.453 0.000 0.000 0.024
  94 V 0.025 0.075 0.000 0.017 0.119 0.264 0.000 0.000 0.072 0.063 0.000 0.008 0.024 0.002 0.188 0.000 0.129 0.000 0.000 0.000 0.000 0.000 0.016
  95 Y 0.071 0.172 0.126 0.051 0.015 0.021 0.000 0.000 0.006 0.000 0.060 0.000 0.000 0.000 0.000 0.000 0.000 0.068 0.403 0.000 0.000 0.004 0.003
  96 A 0.225 0.083 0.000 0.000 0.000 0.000 0.000 0.000 0.000 0.000 0.000 0.015 0.000 0.364 0.000 0.000 0.282 0.027 0.000 0.000 0.000 0.000 0.003
  97 L 0.275 0.055 0.000 0.017 0.183 0.000 0.000 0.000 0.000 0.000 0.049 0.009 0.000 0.000 0.000 0.000 0.409 0.000 0.000 0.000 0.000 0.000 0.003
  98 S 0.159 0.073 0.008 0.030 0.048 0.000 0.000 0.000 0.000 0.000 0.340 0.068 0.000 0.000 0.000 0.000 0.170 0.000 0.000 0.100 0.000 0.000 0.003
  99 R 0.011 0.000 0.000 0.000 0.000 0.000 0.008 0.099 0.241 0.000 0.024 0.243 0.000 0.002 0.000 0.000 0.000 0.000 0.000 0.369 0.000 0.000 0.003
 100 Y 0.092 0.000 0.000 0.000 0.000 0.000 0.000 0.000 0.007 0.000 0.000 0.000 0.260 0.000 0.007 0.000 0.132 0.498 0.000 0.000 0.000 0.000 0.003
 101 E 0.259 0.000 0.014 0.000 0.000 0.000 0.158 0.361 0.065 0.073 0.008 0.023 0.002 0.000 0.012 0.009 0.000 0.000 0.000 0.011 0.000 0.000 0.003
 102 D 0.241 0.020 0.000 0.014 0.035 0.023 0.023 0.326 0.000 0.000 0.059 0.006 0.147 0.000 0.059 0.011 0.000 0.000 0.000 0.034 0.000 0.000 0.003
 103 V 0.027 0.797 0.000 0.142 0.000 0.012 0.000 0.000 0.000 0.000 0.018 0.000 0.000 0.000 0.000 0.000 0.000 0.000 0.000 0.000 0.000 0.000 0.003
 104 R 0.128 0.000 0.000 0.000 0.000 0.029 0.000 0.018 0.060 0.000 0.005 0.156 0.099 0.000 0.064 0.407 0.000 0.000 0.000 0.031 0.000 0.000 0.003
 105 R 0.438 0.000 0.000 0.000 0.015 0.049 0.000 0.000 0.208 0.015 0.038 0.039 0.018 0.000 0.046 0.016 0.000 0.000 0.000 0.115 0.000 0.000 0.003
 106 A 0.124 0.080 0.000 0.137 0.641 0.000 0.000 0.000 0.000 0.000 0.000 0.000 0.000 0.015 0.000 0.000 0.000 0.000 0.000 0.000 0.000 0.000 0.003
 107 L 0.000 0.000 0.000 0.012 0.938 0.006 0.000 0.000 0.000 0.000 0.000 0.000 0.000 0.000 0.000 0.000 0.031 0.008 0.000 0.000 0.000 0.000 0.003
 108 R 0.000 0.000 0.000 0.000 0.000 0.000 0.000 0.000 0.916 0.080 0.000 0.000 0.000 0.000 0.000 0.000 0.000 0.000 0.000 0.000 0.000 0.000 0.003
 109 D 0.000 0.000 0.000 0.000 0.000 0.000 0.000 0.983 0.000 0.000 0.000 0.000 0.000 0.000 0.000 0.014 0.000 0.000 0.000 0.000 0.000 0.000 0.003
 110 K 0.007 0.000 0.000 0.000 0.000 0.000 0.000 0.000 0.806 0.167 0.012 0.000 0.000 0.004 0.000 0.000 0.000 0.000 0.000 0.000 0.000 0.000 0.003
 111 A 0.060 0.000 0.000 0.000 0.000 0.000 0.000 0.000 0.012 0.000 0.000 0.000 0.000 0.000 0.000 0.000 0.000 0.000 0.000 0.000 0.000 0.924 0.003
 112 S 0.000 0.000 0.000 0.000 0.009 0.000 0.000 0.000 0.917 0.000 0.000 0.060 0.000 0.000 0.000 0.006 0.000 0.000 0.000 0.005 0.000 0.000 0.003
 113 F 0.000 0.000 0.000 0.000 0.217 0.062 0.000 0.000 0.000 0.000 0.000 0.000 0.000 0.000 0.000 0.000 0.718 0.000 0.000 0.000 0.000 0.000 0.003
 114 S 0.000 0.000 0.000 0.000 0.000 0.000 0.000 0.000 0.000 0.000 0.000 0.060 0.000 0.000 0.000 0.000 0.000 0.000 0.000 0.937 0.000 0.000 0.003
 115 S 0.000 0.000 0.000 0.000 0.000 0.000 0.000 0.000 0.937 0.000 0.000 0.060 0.000 0.000 0.000 0.000 0.000 0.000 0.000 0.000 0.000 0.000 0.003
 116 W 0.040 0.006 0.000 0.000 0.000 0.000 0.401 0.006 0.000 0.000 0.017 0.127 0.005 0.000 0.335 0.000 0.000 0.000 0.060 0.000 0.000 0.000 0.003
 117 I 0.144 0.104 0.018 0.452 0.005 0.012 0.009 0.000 0.000 0.029 0.036 0.003 0.000 0.048 0.021 0.108 0.005 0.000 0.000 0.000 0.000 0.000 0.003
 118 R 0.000 0.005 0.491 0.033 0.353 0.000 0.000 0.000 0.071 0.000 0.041 0.000 0.000 0.000 0.002 0.000 0.000 0.000 0.000 0.000 0.000 0.000 0.003
 119 - 0.217 0.016 0.117 0.000 0.000 0.000 0.059 0.028 0.000 0.003 0.018 0.019 0.396 0.000 0.012 0.009 0.000 0.000 0.007 0.018 0.000 0.080 0.003
 120 - 0.000 0.155 0.000 0.154 0.010 0.000 0.214 0.062 0.080 0.000 0.000 0.010 0.004 0.000 0.000 0.000 0.000 0.000 0.000 0.198 0.000 0.030 0.083
 121 - 0.278 0.008 0.000 0.091 0.160 0.037 0.000 0.010 0.066 0.009 0.004 0.018 0.004 0.010 0.044 0.000 0.089 0.078 0.000 0.000 0.000 0.000 0.093
 122 - 0.000 0.000 0.007 0.000 0.000 0.000 0.000 0.000 0.003 0.000 0.120 0.254 0.000 0.000 0.000 0.006 0.000 0.000 0.000 0.007 0.000 0.510 0.093
 123 R 0.005 0.006 0.099 0.000 0.000 0.000 0.000 0.000 0.476 0.000 0.000 0.000 0.007 0.000 0.000 0.000 0.000 0.000 0.000 0.000 0.000 0.007 0.400
 124 - 0.016 0.000 0.021 0.000 0.000 0.000 0.236 0.256 0.000 0.000 0.000 0.000 0.000 0.000 0.002 0.000 0.000 0.000 0.000 0.003 0.000 0.060 0.407
 125 - 0.004 0.000 0.000 0.000 0.000 0.000 0.373 0.012 0.012 0.000 0.000 0.088 0.000 0.000 0.007 0.000 0.000 0.006 0.000 0.005 0.000 0.027 0.467
 126 - 0.005 0.006 0.000 0.030 0.367 0.000 0.000 0.000 0.089 0.000 0.000 0.005 0.000 0.000 0.009 0.000 0.000 0.000 0.000 0.000 0.000 0.000 0.487
 127 - 0.005 0.000 0.000 0.000 0.000 0.000 0.000 0.004 0.000 0.000 0.000 0.014 0.000 0.000 0.000 0.007 0.000 0.000 0.000 0.484 0.000 0.000 0.487
 128 - 0.208 0.035 0.046 0.076 0.164 0.045 0.029 0.021 0.087 0.009 0.011 0.003 0.000 0.000 0.012 0.006 0.000 0.004 0.175 0.000 0.000 0.000 0.069
 129 - 0.144 0.024 0.436 0.000 0.022 0.011 0.018 0.014 0.031 0.033 0.037 0.023 0.005 0.000 0.048 0.000 0.000 0.000 0.000 0.090 0.000 0.000 0.063
 130 - 0.087 0.004 0.256 0.010 0.023 0.000 0.325 0.059 0.007 0.005 0.029 0.007 0.000 0.000 0.060 0.014 0.000 0.000 0.000 0.054 0.000 0.000 0.060
 131 - 0.044 0.099 0.372 0.145 0.005 0.003 0.005 0.109 0.022 0.000 0.020 0.017 0.015 0.000 0.000 0.006 0.025 0.007 0.004 0.043 0.000 0.000 0.060
 132 - 0.027 0.001 0.398 0.000 0.039 0.059 0.012 0.112 0.172 0.060 0.001 0.000 0.000 0.002 0.017 0.038 0.000 0.000 0.000 0.000 0.000 0.000 0.060
 133 - 0.130 0.007 0.381 0.005 0.002 0.000 0.058 0.139 0.000 0.024 0.044 0.102 0.000 0.000 0.043 0.000 0.000 0.000 0.000 0.005 0.000 0.000 0.060
 134 - 0.025 0.000 0.003 0.000 0.038 0.000 0.015 0.000 0.106 0.000 0.000 0.000 0.753 0.000 0.000 0.000 0.000 0.000 0.000 0.000 0.000 0.000 0.060
 135 - 0.000 0.045 0.000 0.016 0.652 0.011 0.000 0.000 0.012 0.000 0.107 0.000 0.000 0.000 0.097 0.000 0.000 0.000 0.000 0.000 0.000 0.000 0.060
 136 - 0.441 0.019 0.000 0.009 0.000 0.027 0.068 0.000 0.180 0.116 0.025 0.023 0.000 0.000 0.020 0.002 0.000 0.000 0.000 0.008 0.000 0.000 0.060
 137 - 0.154 0.005 0.322 0.000 0.000 0.000 0.006 0.168 0.004 0.002 0.006 0.069 0.075 0.000 0.020 0.108 0.000 0.000 0.000 0.000 0.000 0.000 0.060
 138 D 0.000 0.000 0.000 0.000 0.000 0.000 0.000 0.060 0.000 0.000 0.000 0.000 0.000 0.000 0.000 0.000 0.908 0.000 0.032 0.000 0.000 0.000 0.000
 139 D 0.038 0.000 0.000 0.000 0.042 0.006 0.006 0.601 0.007 0.000 0.000 0.005 0.009 0.000 0.005 0.012 0.027 0.242 0.000 0.000 0.000 0.000 0.000
 140 V 0.440 0.065 0.000 0.000 0.134 0.000 0.013 0.096 0.018 0.013 0.006 0.005 0.064 0.000 0.046 0.000 0.000 0.000 0.000 0.100 0.000 0.000 0.000
 141 M 0.093 0.318 0.000 0.233 0.062 0.067 0.000 0.000 0.000 0.000 0.013 0.066 0.000 0.010 0.000 0.000 0.139 0.000 0.000 0.000 0.000 0.000 0.000
 142 D 0.007 0.000 0.000 0.000 0.000 0.000 0.772 0.082 0.000 0.000 0.000 0.000 0.000 0.000 0.059 0.080 0.000 0.000 0.000 0.000 0.000 0.000 0.000
 143 L 0.415 0.000 0.000 0.000 0.062 0.000 0.068 0.072 0.162 0.023 0.004 0.074 0.000 0.000 0.045 0.020 0.000 0.000 0.000 0.054 0.000 0.000 0.000
 144 P 0.005 0.011 0.060 0.000 0.008 0.000 0.000 0.007 0.006 0.000 0.009 0.000 0.478 0.000 0.015 0.256 0.010 0.118 0.011 0.007 0.000 0.000 0.000
 145 M 0.000 0.000 0.000 0.000 0.000 0.060 0.000 0.000 0.000 0.000 0.000 0.801 0.139 0.000 0.000 0.000 0.000 0.000 0.000 0.000 0.000 0.000 0.000
 146 L 0.000 0.000 0.000 0.017 0.406 0.577 0.000 0.000 0.000 0.000 0.000 0.000 0.000 0.000 0.000 0.000 0.000 0.000 0.000 0.000 0.000 0.000 0.000
 147 V 0.000 0.060 0.000 0.000 0.940 0.000 0.000 0.000 0.000 0.000 0.000 0.000 0.000 0.000 0.000 0.000 0.000 0.000 0.000 0.000 0.000 0.000 0.000
 148 N 0.006 0.000 0.000 0.000 0.000 0.000 0.709 0.199 0.000 0.000 0.000 0.000 0.000 0.000 0.009 0.078 0.000 0.000 0.000 0.000 0.000 0.000 0.000
 149 R 0.073 0.003 0.000 0.029 0.670 0.020 0.000 0.000 0.085 0.000 0.000 0.074 0.008 0.000 0.000 0.038 0.000 0.000 0.000 0.000 0.000 0.000 0.000
 150 D 0.000 0.000 0.000 0.000 0.000 0.000 0.919 0.070 0.000 0.000 0.000 0.000 0.000 0.000 0.000 0.011 0.000 0.000 0.000 0.000 0.000 0.000 0.000
 151 A 0.090 0.000 0.846 0.000 0.000 0.000 0.000 0.000 0.012 0.000 0.000 0.000 0.000 0.000 0.000 0.000 0.000 0.000 0.000 0.052 0.000 0.000 0.000
 152 P 0.008 0.000 0.956 0.000 0.000 0.000 0.025 0.011 0.000 0.000 0.000 0.000 0.000 0.000 0.000 0.000 0.000 0.000 0.000 0.000 0.000 0.000 0.000
 153 E 0.054 0.176 0.000 0.000 0.000 0.000 0.213 0.020 0.345 0.127 0.022 0.008 0.010 0.000 0.000 0.000 0.000 0.000 0.000 0.024 0.000 0.000 0.000
 154 H 0.000 0.000 0.000 0.000 0.000 0.000 0.000 0.000 0.000 0.000 0.000 0.000 1.000 0.000 0.000 0.000 0.000 0.000 0.000 0.000 0.000 0.000 0.000
 155 T 0.025 0.012 0.004 0.000 0.000 0.000 0.000 0.000 0.004 0.007 0.941 0.007 0.000 0.000 0.000 0.000 0.000 0.000 0.000 0.000 0.000 0.000 0.000
 156 R 0.000 0.000 0.000 0.000 0.000 0.000 0.008 0.000 0.984 0.000 0.000 0.000 0.000 0.000 0.009 0.000 0.000 0.000 0.000 0.000 0.000 0.000 0.000
 157 L 0.000 0.000 0.000 0.000 1.000 0.000 0.000 0.000 0.000 0.000 0.000 0.000 0.000 0.000 0.000 0.000 0.000 0.000 0.000 0.000 0.000 0.000 0.000
 158 R 0.000 0.000 0.000 0.000 0.000 0.000 0.000 0.000 0.962 0.038 0.000 0.000 0.000 0.000 0.000 0.000 0.000 0.000 0.000 0.000 0.000 0.000 0.000
 159 R 0.033 0.000 0.000 0.000 0.000 0.007 0.000 0.000 0.095 0.090 0.347 0.161 0.000 0.000 0.000 0.027 0.000 0.000 0.000 0.239 0.000 0.000 0.000
 160 L 0.000 0.000 0.000 0.000 0.987 0.009 0.000 0.000 0.000 0.000 0.000 0.000 0.005 0.000 0.000 0.000 0.000 0.000 0.000 0.000 0.000 0.000 0.000
 161 T 0.005 0.863 0.000 0.034 0.000 0.029 0.000 0.000 0.000 0.000 0.060 0.000 0.000 0.000 0.000 0.000 0.009 0.000 0.000 0.000 0.000 0.000 0.000
 162 N 0.031 0.008 0.000 0.000 0.358 0.045 0.000 0.000 0.000 0.000 0.016 0.023 0.000 0.000 0.007 0.457 0.000 0.000 0.000 0.055 0.000 0.000 0.000
 163 Q 0.000 0.000 0.000 0.000 0.068 0.000 0.000 0.000 0.774 0.078 0.000 0.000 0.016 0.000 0.064 0.000 0.000 0.000 0.000 0.000 0.000 0.000 0.000
 164 A 1.000 0.000 0.000 0.000 0.000 0.000 0.000 0.000 0.000 0.000 0.000 0.000 0.000 0.000 0.000 0.000 0.000 0.000 0.000 0.000 0.000 0.000 0.000
 165 F 0.000 0.000 0.000 0.000 0.000 0.000 0.000 0.000 0.000 0.000 0.000 0.000 0.000 0.000 0.000 0.000 1.000 0.000 0.000 0.000 0.000 0.000 0.000
 166 N 0.000 0.400 0.000 0.002 0.003 0.000 0.000 0.000 0.000 0.000 0.536 0.000 0.000 0.000 0.000 0.060 0.000 0.000 0.000 0.000 0.000 0.000 0.000
 167 A 0.060 0.000 0.139 0.000 0.000 0.000 0.000 0.000 0.000 0.000 0.016 0.780 0.000 0.000 0.000 0.005 0.000 0.000 0.000 0.000 0.000 0.000 0.000
 168 R 0.049 0.000 0.000 0.000 0.000 0.000 0.000 0.000 0.906 0.019 0.000 0.005 0.000 0.000 0.000 0.000 0.000 0.000 0.000 0.021 0.000 0.000 0.000
 169 L 0.012 0.000 0.000 0.000 0.060 0.003 0.048 0.000 0.427 0.014 0.031 0.007 0.157 0.000 0.226 0.000 0.000 0.000 0.000 0.015 0.000 0.000 0.000
 170 V 0.000 0.558 0.000 0.435 0.007 0.000 0.000 0.000 0.000 0.000 0.000 0.000 0.000 0.000 0.000 0.000 0.000 0.000 0.000 0.000 0.000 0.000 0.000
 171 R 0.226 0.000 0.000 0.000 0.000 0.006 0.518 0.031 0.068 0.094 0.003 0.006 0.000 0.000 0.006 0.020 0.000 0.000 0.000 0.022 0.000 0.000 0.000
 172 T 0.281 0.000 0.000 0.000 0.022 0.000 0.053 0.029 0.186 0.137 0.075 0.037 0.000 0.000 0.059 0.000 0.000 0.000 0.000 0.120 0.000 0.000 0.000
 173 L 0.000 0.000 0.000 0.000 0.780 0.212 0.000 0.000 0.000 0.000 0.000 0.000 0.000 0.000 0.007 0.000 0.000 0.000 0.000 0.000 0.000 0.000 0.000
 174 G 0.190 0.007 0.000 0.000 0.007 0.006 0.059 0.000 0.355 0.121 0.037 0.019 0.000 0.000 0.086 0.000 0.000 0.000 0.000 0.114 0.000 0.000 0.000
 175 D 0.029 0.000 0.753 0.000 0.002 0.000 0.006 0.070 0.000 0.000 0.018 0.027 0.000 0.000 0.013 0.000 0.000 0.000 0.000 0.083 0.000 0.000 0.000
 176 W 0.015 0.000 0.000 0.000 0.000 0.000 0.368 0.137 0.280 0.038 0.000 0.004 0.000 0.000 0.037 0.000 0.000 0.000 0.060 0.060 0.000 0.000 0.000
 177 V 0.000 0.230 0.000 0.647 0.123 0.000 0.000 0.000 0.000 0.000 0.000 0.000 0.000 0.000 0.000 0.000 0.000 0.000 0.000 0.000 0.000 0.000 0.000
 178 Q 0.199 0.017 0.000 0.014 0.004 0.000 0.490 0.009 0.006 0.035 0.054 0.014 0.016 0.000 0.123 0.000 0.000 0.000 0.000 0.019 0.000 0.000 0.000
 179 D 0.437 0.018 0.000 0.000 0.000 0.000 0.181 0.119 0.024 0.013 0.057 0.055 0.000 0.000 0.044 0.031 0.000 0.000 0.000 0.022 0.000 0.000 0.000
 180 V 0.000 0.090 0.000 0.174 0.723 0.013 0.000 0.000 0.000 0.000 0.000 0.000 0.000 0.000 0.000 0.000 0.000 0.000 0.000 0.000 0.000 0.000 0.000
 181 V 0.350 0.132 0.000 0.000 0.080 0.000 0.000 0.000 0.000 0.000 0.053 0.098 0.000 0.287 0.000 0.000 0.000 0.000 0.000 0.000 0.000 0.000 0.000
 182 D 0.087 0.000 0.000 0.000 0.017 0.000 0.072 0.117 0.009 0.000 0.013 0.024 0.328 0.000 0.026 0.307 0.000 0.000 0.000 0.000 0.000 0.000 0.000
 183 G 0.119 0.000 0.000 0.000 0.000 0.000 0.235 0.100 0.236 0.020 0.065 0.050 0.000 0.000 0.065 0.000 0.000 0.000 0.000 0.109 0.000 0.000 0.000
 184 M 0.003 0.022 0.000 0.023 0.791 0.060 0.000 0.000 0.012 0.000 0.000 0.011 0.000 0.000 0.077 0.000 0.000 0.000 0.000 0.000 0.000 0.000 0.000
 185 I 0.025 0.036 0.000 0.718 0.208 0.009 0.000 0.000 0.000 0.000 0.000 0.000 0.000 0.005 0.000 0.000 0.000 0.000 0.000 0.000 0.000 0.000 0.000
 186 G 0.092 0.000 0.000 0.000 0.000 0.000 0.056 0.709 0.014 0.000 0.030 0.010 0.000 0.007 0.009 0.008 0.000 0.000 0.000 0.066 0.000 0.000 0.000
 187 D 0.222 0.000 0.000 0.000 0.000 0.000 0.006 0.108 0.177 0.058 0.020 0.040 0.007 0.000 0.020 0.017 0.000 0.000 0.000 0.325 0.000 0.000 0.000
 188 L 0.038 0.016 0.000 0.024 0.246 0.035 0.000 0.000 0.000 0.000 0.000 0.000 0.000 0.000 0.000 0.000 0.641 0.000 0.000 0.000 0.000 0.000 0.000
 189 L 0.087 0.000 0.396 0.000 0.060 0.000 0.306 0.022 0.032 0.000 0.005 0.026 0.000 0.000 0.006 0.000 0.000 0.000 0.000 0.061 0.000 0.000 0.000
 190 R 0.070 0.000 0.104 0.000 0.000 0.000 0.103 0.191 0.144 0.094 0.032 0.051 0.014 0.000 0.055 0.008 0.000 0.000 0.000 0.057 0.000 0.075 0.000
 191 H 0.036 0.000 0.004 0.000 0.024 0.007 0.018 0.188 0.055 0.098 0.010 0.020 0.071 0.000 0.034 0.039 0.000 0.002 0.000 0.093 0.000 0.276 0.024
 192 D 0.047 0.000 0.000 0.000 0.000 0.000 0.059 0.121 0.063 0.020 0.018 0.020 0.038 0.005 0.115 0.018 0.000 0.000 0.000 0.476 0.000 0.000 0.000
 193 R 0.060 0.000 0.295 0.000 0.000 0.000 0.240 0.035 0.080 0.020 0.020 0.024 0.006 0.000 0.059 0.000 0.000 0.000 0.000 0.105 0.000 0.055 0.000
 194 V 0.044 0.346 0.000 0.000 0.000 0.038 0.000 0.004 0.000 0.000 0.093 0.000 0.005 0.024 0.000 0.000 0.430 0.000 0.000 0.016 0.000 0.000 0.000
 195 E 0.000 0.000 0.000 0.000 0.000 0.000 0.323 0.658 0.000 0.000 0.000 0.000 0.000 0.000 0.000 0.018 0.000 0.000 0.000 0.000 0.000 0.000 0.000
 196 L 0.000 0.000 0.000 0.024 0.970 0.006 0.000 0.000 0.000 0.000 0.000 0.000 0.000 0.000 0.000 0.000 0.000 0.000 0.000 0.000 0.000 0.000 0.000
 197 V 0.000 0.161 0.000 0.141 0.687 0.011 0.000 0.000 0.000 0.000 0.000 0.000 0.000 0.000 0.000 0.000 0.000 0.000 0.000 0.000 0.000 0.000 0.000
 198 D 0.094 0.020 0.257 0.000 0.000 0.000 0.037 0.149 0.032 0.091 0.072 0.215 0.009 0.000 0.009 0.015 0.000 0.000 0.000 0.000 0.000 0.000 0.000
 199 T 0.459 0.000 0.000 0.000 0.000 0.000 0.017 0.118 0.029 0.000 0.135 0.105 0.087 0.000 0.006 0.012 0.000 0.000 0.000 0.032 0.000 0.000 0.000
 200 Y 0.000 0.029 0.000 0.000 0.000 0.000 0.000 0.000 0.000 0.000 0.000 0.000 0.000 0.000 0.000 0.000 0.422 0.549 0.000 0.000 0.000 0.000 0.000
 201 T 0.729 0.000 0.000 0.000 0.000 0.000 0.000 0.000 0.000 0.000 0.060 0.022 0.000 0.154 0.000 0.000 0.000 0.000 0.000 0.035 0.000 0.000 0.000
 202 T 0.090 0.000 0.000 0.000 0.000 0.000 0.191 0.150 0.071 0.027 0.304 0.036 0.000 0.000 0.112 0.019 0.000 0.000 0.000 0.000 0.000 0.000 0.000
 203 A 0.073 0.007 0.444 0.151 0.030 0.007 0.025 0.000 0.048 0.017 0.062 0.004 0.017 0.000 0.115 0.000 0.000 0.000 0.000 0.000 0.000 0.000 0.000
 204 L 0.000 0.156 0.000 0.351 0.484 0.007 0.000 0.000 0.000 0.000 0.002 0.000 0.000 0.000 0.000 0.000 0.000 0.000 0.000 0.000 0.000 0.000 0.000
 205 P 0.000 0.000 1.000 0.000 0.000 0.000 0.000 0.000 0.000 0.000 0.000 0.000 0.000 0.000 0.000 0.000 0.000 0.000 0.000 0.000 0.000 0.000 0.000
 206 L 0.024 0.730 0.000 0.139 0.107 0.000 0.000 0.000 0.000 0.000 0.000 0.000 0.000 0.000 0.000 0.000 0.000 0.000 0.000 0.000 0.000 0.000 0.000
 207 R 0.009 0.045 0.000 0.295 0.006 0.000 0.000 0.000 0.148 0.000 0.497 0.000 0.000 0.000 0.000 0.000 0.000 0.000 0.000 0.000 0.000 0.000 0.000
 208 V 0.025 0.416 0.000 0.316 0.034 0.154 0.000 0.000 0.000 0.000 0.055 0.000 0.000 0.000 0.000 0.000 0.000 0.000 0.000 0.000 0.000 0.000 0.000
 209 V 0.000 0.060 0.000 0.940 0.000 0.000 0.000 0.000 0.000 0.000 0.000 0.000 0.000 0.000 0.000 0.000 0.000 0.000 0.000 0.000 0.000 0.000 0.000
 210 G 0.712 0.000 0.000 0.000 0.000 0.000 0.000 0.000 0.000 0.000 0.028 0.066 0.000 0.134 0.000 0.000 0.000 0.000 0.000 0.060 0.000 0.000 0.000
 211 G 0.000 0.000 0.000 0.000 0.000 0.000 0.316 0.000 0.611 0.000 0.000 0.000 0.000 0.000 0.011 0.000 0.000 0.000 0.000 0.062 0.000 0.000 0.000
 212 M 0.000 0.000 0.000 0.008 0.551 0.441 0.000 0.000 0.000 0.000 0.000 0.000 0.000 0.000 0.000 0.000 0.000 0.000 0.000 0.000 0.000 0.000 0.000
 213 L 0.000 0.000 0.000 0.186 0.804 0.010 0.000 0.000 0.000 0.000 0.000 0.000 0.000 0.000 0.000 0.000 0.000 0.000 0.000 0.000 0.000 0.000 0.000
 214 G 0.000 0.000 0.000 0.000 0.000 0.000 0.000 0.000 0.004 0.000 0.000 0.000 0.000 0.000 0.000 0.000 0.000 0.000 0.000 0.996 0.000 0.000 0.000
 215 I 0.000 0.693 0.000 0.278 0.022 0.006 0.000 0.000 0.000 0.000 0.000 0.000 0.000 0.000 0.000 0.000 0.000 0.000 0.000 0.000 0.000 0.000 0.000
 216 P 0.000 0.000 0.981 0.000 0.000 0.000 0.009 0.000 0.002 0.000 0.000 0.007 0.000 0.000 0.000 0.000 0.000 0.000 0.000 0.000 0.000 0.000 0.000
 217 L 0.021 0.182 0.007 0.000 0.062 0.000 0.610 0.039 0.000 0.014 0.032 0.025 0.000 0.000 0.000 0.000 0.000 0.000 0.000 0.009 0.000 0.000 0.000
 218 D 0.072 0.000 0.012 0.008 0.000 0.000 0.510 0.212 0.004 0.000 0.052 0.097 0.000 0.000 0.013 0.004 0.000 0.000 0.000 0.016 0.000 0.000 0.000
 219 R 0.093 0.004 0.000 0.011 0.031 0.495 0.044 0.098 0.185 0.004 0.018 0.000 0.011 0.000 0.000 0.006 0.000 0.000 0.000 0.000 0.000 0.000 0.000
 220 K 0.317 0.011 0.000 0.000 0.000 0.000 0.000 0.000 0.139 0.060 0.011 0.100 0.006 0.005 0.000 0.000 0.000 0.000 0.015 0.336 0.000 0.000 0.000
 221 A 0.116 0.000 0.598 0.000 0.000 0.005 0.007 0.130 0.007 0.000 0.004 0.002 0.055 0.000 0.025 0.007 0.000 0.000 0.000 0.044 0.000 0.000 0.000
 222 D 0.000 0.000 0.000 0.000 0.055 0.007 0.034 0.280 0.065 0.019 0.000 0.000 0.023 0.000 0.486 0.017 0.000 0.007 0.000 0.006 0.000 0.000 0.000
 223 L 0.000 0.000 0.000 0.000 0.995 0.000 0.000 0.000 0.000 0.000 0.000 0.000 0.000 0.000 0.000 0.000 0.005 0.000 0.000 0.000 0.000 0.000 0.000
 224 R 0.000 0.053 0.000 0.000 0.748 0.000 0.000 0.000 0.199 0.000 0.000 0.000 0.000 0.000 0.000 0.000 0.000 0.000 0.000 0.000 0.000 0.000 0.000
 225 R 0.157 0.000 0.139 0.010 0.000 0.024 0.026 0.245 0.238 0.089 0.013 0.008 0.005 0.000 0.010 0.022 0.000 0.000 0.000 0.014 0.000 0.000 0.000
 226 W 0.000 0.000 0.000 0.000 0.000 0.000 0.000 0.000 0.000 0.000 0.000 0.000 0.000 0.000 0.000 0.000 0.000 0.000 1.000 0.000 0.000 0.000 0.000
 227 S 0.000 0.000 0.000 0.000 0.000 0.000 0.000 0.000 0.000 0.000 0.000 1.000 0.000 0.000 0.000 0.000 0.000 0.000 0.000 0.000 0.000 0.000 0.000
 228 Q 0.139 0.000 0.000 0.000 0.000 0.000 0.000 0.000 0.000 0.000 0.000 0.026 0.460 0.000 0.060 0.295 0.000 0.000 0.000 0.020 0.000 0.000 0.000
 229 A 0.610 0.000 0.000 0.000 0.000 0.000 0.000 0.113 0.162 0.070 0.000 0.002 0.000 0.000 0.043 0.000 0.000 0.000 0.000 0.000 0.000 0.000 0.000
 230 V 0.000 0.060 0.000 0.161 0.000 0.623 0.000 0.000 0.000 0.000 0.003 0.000 0.000 0.000 0.000 0.000 0.000 0.154 0.000 0.000 0.000 0.000 0.000
 231 M 0.000 0.902 0.000 0.019 0.000 0.060 0.000 0.000 0.000 0.000 0.012 0.000 0.000 0.007 0.000 0.000 0.000 0.000 0.000 0.000 0.000 0.000 0.000
 232 N 0.438 0.000 0.000 0.000 0.000 0.023 0.007 0.000 0.190 0.125 0.005 0.010 0.000 0.000 0.023 0.066 0.000 0.000 0.000 0.114 0.000 0.000 0.000
 233 A 0.060 0.024 0.000 0.003 0.139 0.774 0.000 0.000 0.000 0.000 0.000 0.000 0.000 0.000 0.000 0.000 0.000 0.000 0.000 0.000 0.000 0.000 0.000
 234 F 0.000 0.000 0.000 0.000 0.000 0.000 0.000 0.000 0.000 0.000 0.000 0.000 0.000 0.000 0.000 0.000 0.060 0.940 0.000 0.000 0.000 0.000 0.000
 235 A 0.064 0.083 0.000 0.032 0.021 0.280 0.139 0.000 0.019 0.000 0.007 0.000 0.000 0.000 0.349 0.000 0.000 0.000 0.000 0.007 0.000 0.000 0.000
 236 V 0.361 0.079 0.081 0.011 0.084 0.000 0.000 0.000 0.000 0.000 0.000 0.011 0.146 0.000 0.006 0.000 0.220 0.000 0.000 0.000 0.000 0.000 0.000
 237 T 0.014 0.000 0.000 0.000 0.000 0.000 0.000 0.022 0.170 0.055 0.100 0.070 0.007 0.000 0.000 0.063 0.000 0.000 0.000 0.500 0.000 0.000 0.000
 238 A 0.080 0.025 0.058 0.000 0.009 0.000 0.000 0.000 0.660 0.023 0.007 0.021 0.031 0.000 0.000 0.000 0.042 0.044 0.000 0.000 0.000 0.000 0.000
 239 G 0.000 0.000 0.000 0.000 0.000 0.000 0.000 0.000 0.000 0.000 0.000 0.000 0.000 0.000 0.000 0.000 0.000 0.000 0.000 0.060 0.000 0.940 0.000
 240 L 0.000 0.000 0.000 0.000 0.060 0.000 0.000 0.000 0.000 0.000 0.000 0.000 0.000 0.000 0.000 0.000 0.000 0.000 0.000 0.000 0.000 0.000 0.940
 241 D 0.007 0.000 0.000 0.000 0.000 0.000 0.005 0.167 0.000 0.000 0.666 0.131 0.000 0.000 0.000 0.009 0.000 0.000 0.000 0.015 0.000 0.000 0.000
 242 P 0.018 0.015 0.230 0.017 0.044 0.000 0.070 0.052 0.468 0.019 0.006 0.000 0.028 0.000 0.008 0.000 0.021 0.003 0.000 0.000 0.000 0.000 0.000
 243 E 0.203 0.007 0.000 0.000 0.000 0.000 0.545 0.029 0.006 0.034 0.044 0.016 0.000 0.000 0.106 0.000 0.000 0.000 0.000 0.010 0.000 0.000 0.000
 244 L 0.031 0.059 0.000 0.158 0.083 0.035 0.035 0.176 0.000 0.006 0.287 0.005 0.025 0.000 0.100 0.000 0.000 0.000 0.000 0.000 0.000 0.000 0.000
 245 T 0.044 0.000 0.000 0.000 0.000 0.000 0.771 0.000 0.012 0.000 0.060 0.000 0.000 0.000 0.113 0.000 0.000 0.000 0.000 0.000 0.000 0.000 0.000
 246 P 0.089 0.023 0.060 0.006 0.088 0.000 0.201 0.297 0.107 0.007 0.003 0.000 0.054 0.000 0.021 0.004 0.016 0.006 0.000 0.017 0.000 0.000 0.000
 247 G 0.375 0.005 0.000 0.003 0.025 0.002 0.146 0.104 0.139 0.011 0.066 0.011 0.000 0.000 0.015 0.005 0.000 0.000 0.000 0.092 0.000 0.000 0.000
 248 F 0.940 0.000 0.000 0.000 0.000 0.000 0.000 0.000 0.000 0.000 0.000 0.000 0.000 0.000 0.000 0.000 0.060 0.000 0.000 0.000 0.000 0.000 0.000
 249 F 0.184 0.083 0.000 0.046 0.000 0.000 0.184 0.119 0.000 0.000 0.000 0.014 0.000 0.004 0.000 0.306 0.060 0.000 0.000 0.000 0.000 0.000 0.000
 250 E 0.144 0.000 0.000 0.000 0.016 0.013 0.105 0.010 0.344 0.068 0.080 0.005 0.008 0.000 0.173 0.020 0.000 0.000 0.000 0.014 0.000 0.000 0.000
 251 D 0.915 0.000 0.000 0.000 0.000 0.000 0.000 0.060 0.000 0.000 0.000 0.025 0.000 0.000 0.000 0.000 0.000 0.000 0.000 0.000 0.000 0.000 0.000
 252 I 0.533 0.139 0.000 0.060 0.000 0.000 0.000 0.000 0.000 0.000 0.093 0.176 0.000 0.000 0.000 0.000 0.000 0.000 0.000 0.000 0.000 0.000 0.000
 253 L 0.194 0.055 0.000 0.022 0.162 0.000 0.029 0.006 0.127 0.128 0.069 0.025 0.039 0.000 0.082 0.023 0.000 0.000 0.000 0.038 0.000 0.000 0.000
 254 E 0.097 0.000 0.000 0.000 0.000 0.000 0.548 0.330 0.006 0.000 0.000 0.015 0.000 0.000 0.005 0.000 0.000 0.000 0.000 0.000 0.000 0.000 0.000
 255 F 0.000 0.000 0.000 0.000 0.000 0.000 0.000 0.000 0.000 0.000 0.000 0.000 0.000 0.000 0.000 0.000 0.998 0.002 0.000 0.000 0.000 0.000 0.000
 256 G 0.206 0.058 0.000 0.027 0.000 0.007 0.000 0.000 0.013 0.000 0.083 0.467 0.000 0.010 0.028 0.000 0.000 0.000 0.000 0.100 0.000 0.000 0.000
 257 N 0.343 0.000 0.000 0.000 0.004 0.005 0.019 0.437 0.009 0.000 0.033 0.011 0.000 0.000 0.005 0.089 0.000 0.000 0.000 0.046 0.000 0.000 0.000
 258 Y 0.000 0.000 0.000 0.000 0.068 0.000 0.000 0.000 0.000 0.000 0.000 0.000 0.000 0.000 0.000 0.000 0.529 0.398 0.005 0.000 0.000 0.000 0.000
 259 M 0.002 0.179 0.000 0.117 0.575 0.127 0.000 0.000 0.000 0.000 0.000 0.000 0.000 0.000 0.000 0.000 0.000 0.000 0.000 0.000 0.000 0.000 0.000
 260 S 0.029 0.025 0.000 0.000 0.005 0.000 0.028 0.005 0.622 0.122 0.054 0.074 0.002 0.002 0.016 0.005 0.000 0.000 0.000 0.010 0.000 0.000 0.000
 261 E 0.137 0.010 0.000 0.000 0.030 0.000 0.159 0.127 0.024 0.005 0.123 0.074 0.017 0.000 0.020 0.013 0.005 0.000 0.000 0.256 0.000 0.000 0.000
 262 L 0.014 0.131 0.000 0.043 0.261 0.002 0.000 0.000 0.000 0.000 0.043 0.000 0.072 0.002 0.000 0.000 0.030 0.401 0.000 0.000 0.000 0.000 0.000
 263 A 0.253 0.244 0.000 0.486 0.000 0.000 0.000 0.000 0.000 0.000 0.003 0.015 0.000 0.000 0.000 0.000 0.000 0.000 0.000 0.000 0.000 0.000 0.000
 264 H 0.358 0.003 0.000 0.003 0.000 0.000 0.195 0.167 0.038 0.000 0.091 0.005 0.060 0.000 0.039 0.017 0.000 0.000 0.000 0.024 0.000 0.000 0.000
 265 E 0.128 0.000 0.000 0.016 0.021 0.000 0.573 0.033 0.044 0.078 0.025 0.000 0.004 0.000 0.071 0.000 0.000 0.000 0.003 0.004 0.000 0.000 0.000
 266 R 0.000 0.000 0.000 0.000 0.000 0.000 0.003 0.000 0.871 0.104 0.000 0.000 0.023 0.000 0.000 0.000 0.000 0.000 0.000 0.000 0.000 0.000 0.000
 267 Q 0.000 0.000 0.000 0.000 0.000 0.000 0.000 0.000 0.920 0.017 0.000 0.000 0.000 0.003 0.060 0.000 0.000 0.000 0.000 0.000 0.000 0.000 0.000
 268 N 0.240 0.012 0.000 0.000 0.016 0.000 0.000 0.019 0.135 0.279 0.041 0.055 0.022 0.000 0.042 0.127 0.000 0.000 0.000 0.012 0.000 0.000 0.000
 269 G 0.130 0.000 0.000 0.000 0.006 0.000 0.134 0.098 0.099 0.116 0.095 0.055 0.050 0.000 0.037 0.121 0.000 0.000 0.000 0.060 0.000 0.000 0.000
 270 Q 0.000 0.000 0.925 0.000 0.002 0.000 0.000 0.000 0.000 0.000 0.000 0.000 0.000 0.000 0.060 0.000 0.000 0.000 0.000 0.013 0.000 0.000 0.000
 271 V 0.000 0.060 0.000 0.000 0.000 0.000 0.000 0.000 0.000 0.000 0.000 0.000 0.000 0.000 0.000 0.000 0.000 0.000 0.000 0.000 0.000 0.940 0.000
 272 R 0.000 0.000 0.000 0.000 0.000 0.000 0.000 0.000 0.060 0.000 0.000 0.000 0.000 0.000 0.000 0.000 0.000 0.000 0.000 0.000 0.000 0.000 0.940
 273 A 0.277 0.000 0.000 0.000 0.002 0.000 0.004 0.000 0.284 0.048 0.023 0.007 0.018 0.004 0.055 0.000 0.000 0.000 0.000 0.278 0.000 0.000 0.000
 274 E 0.000 0.000 0.012 0.000 0.000 0.000 0.129 0.783 0.000 0.000 0.000 0.000 0.000 0.000 0.000 0.048 0.000 0.000 0.000 0.028 0.000 0.000 0.000
